19084005
19084092
19084129
19084263
19084281
19084313
19084327
19085107
19085108
19085294
19085298
19086053
19086123
19087027
19087042
19087153
19087233
19088032
19088054
19088217
19090113
19090267
19090335
19091194
19091317
19092013
19092224
19092256
19092275
19092309
19092329
19093293
19094182
19094190
19094191
19094199
19094214
19094314
19095016
19095085
19095164
19095215
19096018
19096030
19096031
19096062
19096094
19096126
19096151
19096200
19096220
19096222
19096244
19096252
19096253
19096254
19096286
19096341
19097008
19097030
19097129
19097161
19097193
19097269
19097289
19097292
19097327
19098017
19098052
19098078
19098080
19098112
19098144
19098176
19098228
19098240
19098242
19098242
19098272
19098274
19098297
19099024
19099053
19099124
19099138
19099242
19100068
19101073
19101294
19102090
19102208
19102240
19102313
19103047
19103079
19103170
19103271
19103317
19104007
19104009
19104023
19104036
19104068
19104107
19104108
19104111
19104140
19104143
19104179
19104211
19104264
19105014
19105320
19106015
19110037
19110123
19110264
19111001
19112033
19112128
19113101
19114074
19114184
19115125
19115157
19115178
19116017
19116100
19116101
19116294
19116295
19117057
19117087
19118184
19119153
19120242
19121070
19121077
19121230
19122223
19122232
19123017
19123024
19123217
19123265
19123316
19124036
19125339
19126000
19126002
19126032
19126034
19126117
19127007
19127041
19127101
19127165
19127278
19128028
19128060
19128284
19129179
19130031